-843750000,1012507800
-787500000,1096882780
-877697750,1653442410
-805627440,1579614290
-778591384,1666911621
-891154290,1237501070
-815625000,1575007660
-778591613,1666898345
-900000000,1293757490
-824414060,1082922390
-778591613,1666901550
-900000000,1771882380
-843750000,1012507340
-787499970,1096882780
-843750000,1040632590
-787500000,1181257510
-843750000,1153132660
-787500000,1237507380
-843750000,1350007780
-804473020,1373773550
-871875000,1237507350
-805517580,1578845240
-871875000,1589069750
-805517580,1579284700
